name: ncbi_datasets
channels:
  - conda-forge
  - bioconda
  - r
  - defaults
dependencies:
  - _libgcc_mutex=0.1=conda_forge
  - _openmp_mutex=4.5=2_gnu
  - assembly-stats=1.0.1=h9f5acd7_5
  - blast=2.13.0=hf3cf87c_0
  - brotlipy=0.7.0=py36h8f6f2f9_1001
  - bzip2=1.0.8=h7f98852_4
  - c-ares=1.18.1=h7f98852_0
  - ca-certificates=2022.12.7=ha878542_0
  - certifi=2021.5.30=py36h5fab9bb_0
  - cffi=1.14.6=py36hd8eec40_1
  - charset-normalizer=2.1.1=pyhd8ed1ab_0
  - colorama=0.4.5=pyhd8ed1ab_0
  - conda=4.10.3=py36h5fab9bb_2
  - conda-package-handling=1.7.3=py36h8f6f2f9_0
  - cryptography=35.0.0=py36hb60f036_0
  - curl=7.87.0=h6312ad2_0
  - entrez-direct=16.2=he881be0_1
  - gettext=0.21.1=h27087fc_0
  - icu=72.1=hcb278e6_0
  - idna=3.4=pyhd8ed1ab_0
  - keyutils=1.6.1=h166bdaf_0
  - krb5=1.20.1=hf9c8cef_0
  - ld_impl_linux-64=2.40=h41732ed_0
  - libarchive=3.5.2=hb890918_3
  - libcurl=7.87.0=h6312ad2_0
  - libedit=3.1.20191231=he28a2e2_2
  - libev=4.33=h516909a_1
  - libffi=3.4.2=h7f98852_5
  - libgcc-ng=12.2.0=h65d4601_19
  - libgomp=12.2.0=h65d4601_19
  - libiconv=1.17=h166bdaf_0
  - libidn2=2.3.4=h166bdaf_0
  - libnghttp2=1.51.0=hdcd2b5c_0
  - libnsl=2.0.0=h7f98852_0
  - libsolv=0.7.23=h3eb15da_0
  - libsqlite=3.40.0=h753d276_0
  - libssh2=1.10.0=haa6b8db_3
  - libstdcxx-ng=12.2.0=h46fd767_19
  - libunistring=0.9.10=h7f98852_0
  - libxml2=2.10.3=hfdac1af_6
  - libzlib=1.2.13=h166bdaf_4
  - lz4-c=1.9.4=hcb278e6_0
  - lzo=2.10=h516909a_1000
  - mamba=0.17.0=py36h05d92e0_0
  - ncbi-datasets-cli=14.19.0=ha770c72_0
  - ncurses=6.3=h27087fc_1
  - openssl=1.1.1t=h0b41bf4_0
  - pcre=8.45=h9c3ff4c_0
  - perl=5.32.1=2_h7f98852_perl5
  - perl-archive-tar=2.40=pl5321hdfd78af_0
  - perl-carp=1.50=pl5321hd8ed1ab_0
  - perl-common-sense=3.75=pl5321hd8ed1ab_0
  - perl-compress-raw-bzip2=2.201=pl5321h166bdaf_0
  - perl-compress-raw-zlib=2.202=pl5321h166bdaf_0
  - perl-encode=3.19=pl5321h166bdaf_0
  - perl-exporter=5.74=pl5321hd8ed1ab_0
  - perl-exporter-tiny=1.002002=pl5321hd8ed1ab_0
  - perl-extutils-makemaker=7.70=pl5321hd8ed1ab_0
  - perl-io-compress=2.201=pl5321h87f3376_0
  - perl-io-zlib=1.14=pl5321hdfd78af_0
  - perl-json=4.10=pl5321hdfd78af_0
  - perl-json-xs=2.34=pl5321h9f5acd7_5
  - perl-list-moreutils=0.430=pl5321hdfd78af_0
  - perl-list-moreutils-xs=0.430=pl5321hec16e2b_1
  - perl-parent=0.241=pl5321hd8ed1ab_0
  - perl-pathtools=3.75=pl5321h166bdaf_0
  - perl-scalar-list-utils=1.63=pl5321h166bdaf_0
  - perl-storable=3.15=pl5321h166bdaf_0
  - perl-types-serialiser=1.01=pl5321hdfd78af_0
  - pip=21.3.1=pyhd8ed1ab_0
  - pycosat=0.6.3=py36h8f6f2f9_1006
  - pycparser=2.21=pyhd8ed1ab_0
  - pyopenssl=22.0.0=pyhd8ed1ab_1
  - pysocks=1.7.1=py36h5fab9bb_3
  - python=3.6.15=hb7a2778_0_cpython
  - python_abi=3.6=2_cp36m
  - readline=8.2=h8228510_1
  - reproc=14.2.4=h0b41bf4_0
  - reproc-cpp=14.2.4=hcb278e6_0
  - requests=2.28.1=pyhd8ed1ab_0
  - ruamel_yaml=0.15.80=py36h8f6f2f9_1004
  - setuptools=58.0.4=py36h5fab9bb_2
  - six=1.16.0=pyh6c4a22f_0
  - sqlite=3.40.0=h4ff8645_0
  - tk=8.6.12=h27826a3_0
  - tqdm=4.65.0=pyhd8ed1ab_0
  - unzip=6.0=h7f98852_3
  - urllib3=1.26.15=pyhd8ed1ab_0
  - wget=1.20.3=ha56f1ee_1
  - wheel=0.37.1=pyhd8ed1ab_0
  - xz=5.2.6=h166bdaf_0
  - yaml=0.2.5=h7f98852_2
  - zlib=1.2.13=h166bdaf_4
  - zstd=1.5.2=h3eb15da_6
prefix: /home/leq40065/.conda/envs/ncbi_datasets
